$ANSIBLE_VAULT;1.1;AES256
36383565363961323363343662343462636238373837356566663562346439376364613931623932
6561633763316332643961643562343136396339333263650a613565643230396633323934326365
66333361616164376336653665353933383631373864373864303763623265343864353336316231
6431373535626562620a383338303862623163666631353938313634333834336332653661653937
33363765356130666265623263633465613565646532363966386561666238656538656633393932
36383335303330313238373166623339363464383266343533343639346531373230616434323035
65346463396536373135393738643562346638303963633332346337646164636332376638336436
31323466643165353634386233323764346634656664323335373462656234343636626231623465
61653938633430306339653464323932353363383334393465633036306430363933653139643634
32633134623262663262383066366231616361396232393966303836653862656432623462663539
36613737666139326630333536666538633265303665626430333531383361343530616230333064
63643933323332333263336236303738613361343137303239343264643937363931626633623065
65313138663739653833373930656330646134623531323564343738656362666134633139346135
66613966613931656636353663373831353961373664613234623165663139636332303633636431
64346163376639363636356363383030396436393266396639306136663061663563653531363435
61623332386361373938316431376434626136363338356263353265363235306632373832393739
31323032336464376431393139616661356665616264323438646661663565653539633761323632
3961323036386662636231363638323365373038656364666336
